qed:
	rand 20190521154417, 20190522072706, 20190522072835, (20190522073003), 20190522073130, 20190522073258
	[OLD] rand 20190520041204, 20190520041338, 20190520041540, 20190520114502, 20190520115328
	sim 20190518132128, 20190518184219, 20190519053538, 20190519172351
	dist 20190518095359, 20190518182118, 20190518182227, 20190520042603
	---
	wl 20190522132408

plogp:
	rand 20190522072622, 20190522072737, 20190522072853, 20190522073012, 20190522073132
	[OLD] rand 20190520041257, 20190520041434, (20190520041616), 20190520112807
	sim 20190519053341, 20190520035241, 20190520051810, (20190520123558)
	dist 20190520034409, 20190520034422, 20190520041405, (20190520124528), (20190521045858)
	---
	wl 20190522114739, 20190522120903, 20190522132110